100 Dense V=100 E=2000
0 19 1
0 31 1
0 65 1
0 20 1
0 39 1
0 61 1
0 90 1
0 59 1
0 49 1
0 96 1
0 44 1
0 28 1
0 55 1
0 15 1
0 3 1
0 99 1
0 42 1
0 11 1
0 81 1
0 27 1
1 31 1
1 11 1
1 47 1
1 59 1
1 22 1
1 18 1
1 37 1
1 57 1
1 50 1
1 21 1
1 99 1
1 78 1
1 96 1
1 52 1
1 70 1
1 6 1
1 55 1
1 53 1
1 0 1
1 95 1
2 85 1
2 17 1
2 15 1
2 83 1
2 54 1
2 6 1
2 64 1
2 98 1
2 41 1
2 14 1
2 37 1
2 18 1
2 77 1
2 25 1
2 76 1
2 47 1
2 36 1
2 28 1
2 19 1
2 88 1
3 83 1
3 16 1
3 46 1
3 54 1
3 18 1
3 93 1
3 42 1
3 13 1
3 31 1
3 81 1
3 45 1
3 2 1
3 14 1
3 57 1
3 49 1
3 22 1
3 30 1
3 96 1
3 64 1
3 29 1
4 14 1
4 8 1
4 74 1
4 56 1
4 44 1
4 80 1
4 79 1
4 41 1
4 83 1
4 20 1
4 69 1
4 51 1
4 15 1
4 82 1
4 26 1
4 48 1
4 22 1
4 68 1
4 0 1
4 29 1
5 64 1
5 62 1
5 20 1
5 74 1
5 4 1
5 69 1
5 50 1
5 95 1
5 99 1
5 88 1
5 7 1
5 65 1
5 1 1
5 77 1
5 39 1
5 0 1
5 31 1
5 18 1
5 15 1
5 9 1
6 95 1
6 12 1
6 26 1
6 88 1
6 85 1
6 69 1
6 11 1
6 71 1
6 67 1
6 77 1
6 45 1
6 70 1
6 32 1
6 90 1
6 52 1
6 99 1
6 93 1
6 27 1
6 3 1
6 91 1
7 70 1
7 36 1
7 98 1
7 80 1
7 14 1
7 37 1
7 66 1
7 55 1
7 57 1
7 42 1
7 84 1
7 67 1
7 86 1
7 94 1
7 33 1
7 61 1
7 51 1
7 69 1
7 75 1
7 49 1
8 36 1
8 55 1
8 80 1
8 34 1
8 50 1
8 26 1
8 49 1
8 75 1
8 14 1
8 9 1
8 84 1
8 5 1
8 25 1
8 43 1
8 61 1
8 15 1
8 32 1
8 87 1
8 37 1
8 73 1
9 80 1
9 44 1
9 94 1
9 41 1
9 20 1
9 73 1
9 16 1
9 49 1
9 2 1
9 51 1
9 53 1
9 12 1
9 35 1
9 81 1
9 70 1
9 22 1
9 59 1
9 6 1
9 71 1
9 92 1
10 40 1
10 53 1
10 13 1
10 9 1
10 16 1
10 29 1
10 49 1
10 73 1
10 0 1
10 88 1
10 35 1
10 24 1
10 32 1
10 75 1
10 17 1
10 3 1
10 99 1
10 56 1
10 58 1
10 33 1
11 52 1
11 38 1
11 19 1
11 58 1
11 9 1
11 20 1
11 46 1
11 43 1
11 53 1
11 42 1
11 21 1
11 86 1
11 65 1
11 93 1
11 33 1
11 92 1
11 35 1
11 34 1
11 47 1
11 2 1
12 73 1
12 19 1
12 79 1
12 22 1
12 48 1
12 69 1
12 62 1
12 15 1
12 23 1
12 4 1
12 95 1
12 50 1
12 97 1
12 41 1
12 94 1
12 7 1
12 96 1
12 60 1
12 45 1
12 78 1
13 6 1
13 0 1
13 52 1
13 45 1
13 62 1
13 83 1
13 7 1
13 66 1
13 99 1
13 17 1
13 48 1
13 28 1
13 41 1
13 12 1
13 20 1
13 76 1
13 24 1
13 57 1
13 91 1
13 40 1
14 32 1
14 47 1
14 91 1
14 55 1
14 88 1
14 1 1
14 59 1
14 41 1
14 54 1
14 42 1
14 60 1
14 83 1
14 95 1
14 11 1
14 77 1
14 84 1
14 27 1
14 86 1
14 12 1
14 52 1
15 59 1
15 76 1
15 52 1
15 71 1
15 47 1
15 75 1
15 45 1
15 42 1
15 68 1
15 66 1
15 60 1
15 20 1
15 88 1
15 6 1
15 55 1
15 53 1
15 32 1
15 95 1
15 90 1
15 86 1
16 77 1
16 44 1
16 95 1
16 28 1
16 7 1
16 74 1
16 1 1
16 91 1
16 58 1
16 76 1
16 90 1
16 98 1
16 45 1
16 46 1
16 38 1
16 93 1
16 84 1
16 88 1
16 42 1
16 56 1
17 41 1
17 30 1
17 16 1
17 93 1
17 0 1
17 57 1
17 61 1
17 15 1
17 21 1
17 81 1
17 8 1
17 70 1
17 54 1
17 99 1
17 1 1
17 89 1
17 94 1
17 27 1
17 7 1
17 4 1
18 35 1
18 67 1
18 6 1
18 73 1
18 49 1
18 9 1
18 78 1
18 8 1
18 53 1
18 38 1
18 4 1
18 95 1
18 12 1
18 44 1
18 80 1
18 25 1
18 17 1
18 52 1
18 15 1
18 61 1
19 53 1
19 46 1
19 76 1
19 92 1
19 38 1
19 7 1
19 5 1
19 40 1
19 51 1
19 65 1
19 41 1
19 94 1
19 27 1
19 78 1
19 4 1
19 20 1
19 26 1
19 88 1
19 95 1
19 25 1
20 8 1
20 47 1
20 37 1
20 49 1
20 78 1
20 41 1
20 6 1
20 52 1
20 35 1
20 7 1
20 38 1
20 71 1
20 89 1
20 33 1
20 95 1
20 28 1
20 55 1
20 58 1
20 63 1
20 2 1
21 32 1
21 84 1
21 28 1
21 31 1
21 16 1
21 91 1
21 46 1
21 14 1
21 25 1
21 7 1
21 72 1
21 42 1
21 45 1
21 99 1
21 35 1
21 41 1
21 65 1
21 66 1
21 52 1
21 86 1
22 32 1
22 49 1
22 26 1
22 98 1
22 52 1
22 67 1
22 17 1
22 45 1
22 63 1
22 48 1
22 74 1
22 80 1
22 11 1
22 66 1
22 34 1
22 85 1
22 25 1
22 29 1
22 81 1
22 0 1
23 91 1
23 68 1
23 10 1
23 48 1
23 16 1
23 25 1
23 54 1
23 43 1
23 5 1
23 2 1
23 28 1
23 77 1
23 37 1
23 0 1
23 32 1
23 63 1
23 35 1
23 8 1
23 74 1
23 39 1
24 25 1
24 1 1
24 2 1
24 53 1
24 93 1
24 49 1
24 44 1
24 71 1
24 29 1
24 73 1
24 83 1
24 37 1
24 20 1
24 90 1
24 81 1
24 75 1
24 22 1
24 66 1
24 21 1
24 78 1
25 93 1
25 49 1
25 83 1
25 35 1
25 72 1
25 39 1
25 47 1
25 84 1
25 20 1
25 38 1
25 44 1
25 67 1
25 80 1
25 29 1
25 37 1
25 7 1
25 1 1
25 40 1
25 75 1
25 58 1
26 65 1
26 16 1
26 71 1
26 58 1
26 35 1
26 45 1
26 15 1
26 60 1
26 7 1
26 48 1
26 98 1
26 76 1
26 37 1
26 31 1
26 94 1
26 91 1
26 92 1
26 40 1
26 89 1
26 1 1
27 29 1
27 62 1
27 70 1
27 10 1
27 68 1
27 13 1
27 11 1
27 83 1
27 24 1
27 78 1
27 88 1
27 67 1
27 3 1
27 56 1
27 40 1
27 74 1
27 52 1
27 86 1
27 55 1
27 21 1
28 39 1
28 90 1
28 44 1
28 34 1
28 82 1
28 43 1
28 98 1
28 52 1
28 93 1
28 63 1
28 67 1
28 66 1
28 88 1
28 53 1
28 6 1
28 49 1
28 27 1
28 18 1
28 85 1
28 64 1
29 84 1
29 45 1
29 81 1
29 73 1
29 6 1
29 8 1
29 97 1
29 7 1
29 35 1
29 88 1
29 68 1
29 54 1
29 56 1
29 42 1
29 51 1
29 20 1
29 16 1
29 14 1
29 36 1
29 80 1
30 91 1
30 97 1
30 9 1
30 54 1
30 44 1
30 38 1
30 66 1
30 59 1
30 95 1
30 41 1
30 93 1
30 94 1
30 60 1
30 90 1
30 57 1
30 2 1
30 87 1
30 28 1
30 47 1
30 92 1
31 44 1
31 67 1
31 98 1
31 85 1
31 32 1
31 52 1
31 34 1
31 83 1
31 71 1
31 62 1
31 27 1
31 55 1
31 75 1
31 69 1
31 41 1
31 47 1
31 18 1
31 49 1
31 25 1
31 63 1
32 40 1
32 13 1
32 85 1
32 0 1
32 56 1
32 30 1
32 47 1
32 19 1
32 60 1
32 36 1
32 24 1
32 12 1
32 75 1
32 34 1
32 35 1
32 88 1
32 9 1
32 83 1
32 79 1
32 86 1
33 85 1
33 22 1
33 6 1
33 37 1
33 40 1
33 64 1
33 24 1
33 88 1
33 1 1
33 39 1
33 38 1
33 3 1
33 74 1
33 2 1
33 13 1
33 56 1
33 28 1
33 21 1
33 95 1
33 67 1
34 21 1
34 60 1
34 45 1
34 0 1
34 36 1
34 51 1
34 17 1
34 33 1
34 67 1
34 1 1
34 19 1
34 13 1
34 93 1
34 3 1
34 80 1
34 16 1
34 48 1
34 87 1
34 43 1
34 53 1
35 37 1
35 96 1
35 63 1
35 14 1
35 92 1
35 47 1
35 1 1
35 81 1
35 80 1
35 94 1
35 74 1
35 72 1
35 31 1
35 77 1
35 65 1
35 49 1
35 0 1
35 69 1
35 61 1
35 55 1
36 51 1
36 82 1
36 77 1
36 85 1
36 39 1
36 70 1
36 26 1
36 45 1
36 37 1
36 16 1
36 59 1
36 57 1
36 10 1
36 62 1
36 17 1
36 88 1
36 25 1
36 44 1
36 96 1
36 47 1
37 46 1
37 48 1
37 6 1
37 30 1
37 47 1
37 72 1
37 88 1
37 92 1
37 95 1
37 90 1
37 55 1
37 89 1
37 11 1
37 80 1
37 97 1
37 69 1
37 63 1
37 99 1
37 94 1
37 87 1
38 67 1
38 66 1
38 93 1
38 51 1
38 90 1
38 32 1
38 56 1
38 12 1
38 17 1
38 48 1
38 6 1
38 64 1
38 70 1
38 65 1
38 9 1
38 62 1
38 55 1
38 82 1
38 95 1
38 83 1
39 37 1
39 63 1
39 17 1
39 92 1
39 1 1
39 87 1
39 74 1
39 75 1
39 72 1
39 71 1
39 60 1
39 3 1
39 93 1
39 48 1
39 81 1
39 59 1
39 34 1
39 88 1
39 9 1
39 76 1
40 15 1
40 21 1
40 67 1
40 39 1
40 11 1
40 4 1
40 51 1
40 54 1
40 62 1
40 85 1
40 74 1
40 69 1
40 52 1
40 6 1
40 88 1
40 96 1
40 30 1
40 77 1
40 5 1
40 18 1
41 67 1
41 90 1
41 86 1
41 1 1
41 79 1
41 62 1
41 66 1
41 40 1
41 55 1
41 50 1
41 38 1
41 78 1
41 24 1
41 63 1
41 15 1
41 52 1
41 23 1
41 98 1
41 18 1
41 36 1
42 95 1
42 41 1
42 10 1
42 32 1
42 87 1
42 99 1
42 36 1
42 63 1
42 69 1
42 60 1
42 62 1
42 59 1
42 97 1
42 30 1
42 98 1
42 86 1
42 73 1
42 19 1
42 55 1
42 44 1
43 77 1
43 38 1
43 24 1
43 61 1
43 54 1
43 58 1
43 86 1
43 69 1
43 99 1
43 3 1
43 36 1
43 18 1
43 73 1
43 79 1
43 85 1
43 80 1
43 9 1
43 22 1
43 0 1
43 21 1
44 96 1
44 82 1
44 66 1
44 46 1
44 39 1
44 55 1
44 51 1
44 75 1
44 79 1
44 98 1
44 58 1
44 50 1
44 7 1
44 89 1
44 2 1
44 21 1
44 88 1
44 15 1
44 14 1
44 40 1
45 43 1
45 79 1
45 27 1
45 63 1
45 93 1
45 65 1
45 97 1
45 47 1
45 48 1
45 87 1
45 42 1
45 69 1
45 10 1
45 85 1
45 31 1
45 44 1
45 71 1
45 50 1
45 39 1
45 84 1
46 85 1
46 87 1
46 68 1
46 49 1
46 95 1
46 39 1
46 25 1
46 75 1
46 76 1
46 22 1
46 91 1
46 82 1
46 43 1
46 4 1
46 23 1
46 60 1
46 2 1
46 67 1
46 12 1
46 15 1
47 59 1
47 83 1
47 95 1
47 99 1
47 82 1
47 54 1
47 81 1
47 53 1
47 10 1
47 29 1
47 78 1
47 73 1
47 87 1
47 0 1
47 62 1
47 13 1
47 93 1
47 98 1
47 22 1
47 26 1
48 32 1
48 14 1
48 50 1
48 47 1
48 44 1
48 64 1
48 28 1
48 11 1
48 20 1
48 43 1
48 86 1
48 19 1
48 83 1
48 35 1
48 18 1
48 78 1
48 57 1
48 98 1
48 61 1
48 41 1
49 12 1
49 11 1
49 13 1
49 21 1
49 94 1
49 32 1
49 26 1
49 64 1
49 56 1
49 89 1
49 6 1
49 58 1
49 86 1
49 67 1
49 16 1
49 29 1
49 50 1
49 75 1
49 38 1
49 57 1
50 92 1
50 15 1
50 56 1
50 16 1
50 96 1
50 53 1
50 28 1
50 69 1
50 97 1
50 14 1
50 94 1
50 71 1
50 26 1
50 43 1
50 90 1
50 9 1
50 36 1
50 55 1
50 77 1
50 84 1
51 13 1
51 56 1
51 85 1
51 94 1
51 59 1
51 87 1
51 43 1
51 89 1
51 98 1
51 90 1
51 16 1
51 71 1
51 80 1
51 62 1
51 32 1
51 8 1
51 96 1
51 73 1
51 61 1
51 35 1
52 79 1
52 32 1
52 38 1
52 23 1
52 3 1
52 0 1
52 12 1
52 88 1
52 36 1
52 64 1
52 8 1
52 62 1
52 51 1
52 56 1
52 55 1
52 77 1
52 43 1
52 99 1
52 60 1
52 2 1
53 33 1
53 42 1
53 84 1
53 82 1
53 62 1
53 79 1
53 76 1
53 87 1
53 68 1
53 38 1
53 75 1
53 67 1
53 40 1
53 48 1
53 94 1
53 8 1
53 22 1
53 86 1
53 4 1
53 51 1
54 9 1
54 45 1
54 99 1
54 12 1
54 62 1
54 56 1
54 95 1
54 59 1
54 0 1
54 11 1
54 35 1
54 50 1
54 49 1
54 42 1
54 82 1
54 25 1
54 39 1
54 67 1
54 94 1
54 78 1
55 77 1
55 36 1
55 25 1
55 47 1
55 95 1
55 33 1
55 71 1
55 87 1
55 62 1
55 97 1
55 89 1
55 81 1
55 90 1
55 79 1
55 98 1
55 64 1
55 72 1
55 66 1
55 74 1
55 99 1
56 37 1
56 55 1
56 24 1
56 77 1
56 58 1
56 60 1
56 23 1
56 18 1
56 35 1
56 11 1
56 95 1
56 68 1
56 46 1
56 20 1
56 8 1
56 43 1
56 66 1
56 3 1
56 41 1
56 15 1
57 47 1
57 87 1
57 99 1
57 85 1
57 2 1
57 74 1
57 27 1
57 29 1
57 11 1
57 77 1
57 78 1
57 84 1
57 93 1
57 91 1
57 66 1
57 31 1
57 8 1
57 0 1
57 25 1
57 64 1
58 71 1
58 89 1
58 47 1
58 33 1
58 55 1
58 3 1
58 52 1
58 15 1
58 9 1
58 98 1
58 72 1
58 22 1
58 78 1
58 99 1
58 96 1
58 46 1
58 31 1
58 68 1
58 51 1
58 41 1
59 32 1
59 56 1
59 70 1
59 8 1
59 38 1
59 68 1
59 86 1
59 79 1
59 58 1
59 74 1
59 5 1
59 71 1
59 6 1
59 45 1
59 62 1
59 26 1
59 22 1
59 65 1
59 64 1
59 49 1
60 10 1
60 9 1
60 87 1
60 4 1
60 65 1
60 90 1
60 86 1
60 19 1
60 72 1
60 83 1
60 98 1
60 53 1
60 50 1
60 22 1
60 96 1
60 92 1
60 48 1
60 29 1
60 44 1
60 94 1
61 4 1
61 24 1
61 12 1
61 99 1
61 39 1
61 36 1
61 23 1
61 31 1
61 30 1
61 19 1
61 46 1
61 94 1
61 65 1
61 59 1
61 75 1
61 52 1
61 44 1
61 34 1
61 84 1
61 85 1
62 26 1
62 21 1
62 88 1
62 28 1
62 98 1
62 90 1
62 11 1
62 4 1
62 96 1
62 25 1
62 46 1
62 64 1
62 45 1
62 72 1
62 30 1
62 16 1
62 77 1
62 48 1
62 8 1
62 33 1
63 33 1
63 64 1
63 51 1
63 49 1
63 71 1
63 7 1
63 38 1
63 90 1
63 82 1
63 43 1
63 24 1
63 47 1
63 89 1
63 30 1
63 88 1
63 32 1
63 91 1
63 13 1
63 86 1
63 19 1
64 25 1
64 44 1
64 83 1
64 27 1
64 65 1
64 6 1
64 56 1
64 99 1
64 80 1
64 36 1
64 87 1
64 40 1
64 84 1
64 76 1
64 9 1
64 15 1
64 53 1
64 45 1
64 79 1
64 78 1
65 51 1
65 1 1
65 28 1
65 53 1
65 10 1
65 76 1
65 63 1
65 83 1
65 42 1
65 24 1
65 14 1
65 85 1
65 2 1
65 33 1
65 56 1
65 75 1
65 80 1
65 39 1
65 12 1
65 40 1
66 78 1
66 37 1
66 10 1
66 11 1
66 29 1
66 35 1
66 96 1
66 25 1
66 1 1
66 20 1
66 33 1
66 63 1
66 9 1
66 58 1
66 75 1
66 85 1
66 19 1
66 70 1
66 60 1
66 31 1
67 96 1
67 51 1
67 0 1
67 65 1
67 55 1
67 47 1
67 52 1
67 15 1
67 8 1
67 88 1
67 92 1
67 83 1
67 17 1
67 69 1
67 13 1
67 77 1
67 37 1
67 23 1
67 97 1
67 12 1
68 31 1
68 8 1
68 6 1
68 51 1
68 22 1
68 41 1
68 5 1
68 69 1
68 82 1
68 55 1
68 64 1
68 10 1
68 16 1
68 47 1
68 11 1
68 21 1
68 52 1
68 9 1
68 30 1
68 72 1
69 87 1
69 71 1
69 99 1
69 84 1
69 15 1
69 2 1
69 33 1
69 52 1
69 24 1
69 48 1
69 20 1
69 81 1
69 39 1
69 86 1
69 51 1
69 59 1
69 13 1
69 26 1
69 70 1
69 9 1
70 65 1
70 10 1
70 77 1
70 30 1
70 32 1
70 97 1
70 14 1
70 35 1
70 83 1
70 74 1
70 62 1
70 41 1
70 25 1
70 98 1
70 87 1
70 42 1
70 58 1
70 40 1
70 0 1
70 99 1
71 35 1
71 48 1
71 93 1
71 92 1
71 27 1
71 44 1
71 13 1
71 0 1
71 91 1
71 16 1
71 86 1
71 12 1
71 17 1
71 98 1
71 29 1
71 82 1
71 57 1
71 54 1
71 5 1
71 40 1
72 18 1
72 38 1
72 23 1
72 10 1
72 20 1
72 77 1
72 53 1
72 57 1
72 79 1
72 90 1
72 56 1
72 93 1
72 41 1
72 13 1
72 70 1
72 96 1
72 28 1
72 65 1
72 16 1
72 85 1
73 30 1
73 34 1
73 95 1
73 21 1
73 77 1
73 39 1
73 50 1
73 33 1
73 81 1
73 57 1
73 94 1
73 15 1
73 36 1
73 37 1
73 80 1
73 88 1
73 68 1
73 17 1
73 59 1
73 98 1
74 45 1
74 61 1
74 10 1
74 66 1
74 18 1
74 24 1
74 82 1
74 30 1
74 80 1
74 99 1
74 96 1
74 52 1
74 53 1
74 26 1
74 86 1
74 1 1
74 67 1
74 50 1
74 72 1
74 64 1
75 87 1
75 70 1
75 56 1
75 51 1
75 47 1
75 1 1
75 71 1
75 48 1
75 54 1
75 97 1
75 62 1
75 27 1
75 63 1
75 74 1
75 11 1
75 83 1
75 29 1
75 72 1
75 43 1
75 12 1
76 9 1
76 79 1
76 24 1
76 41 1
76 99 1
76 77 1
76 62 1
76 87 1
76 23 1
76 44 1
76 68 1
76 35 1
76 30 1
76 36 1
76 20 1
76 5 1
76 82 1
76 61 1
76 69 1
76 88 1
77 29 1
77 45 1
77 58 1
77 80 1
77 28 1
77 4 1
77 64 1
77 10 1
77 61 1
77 42 1
77 84 1
77 47 1
77 75 1
77 21 1
77 15 1
77 71 1
77 79 1
77 95 1
77 89 1
77 33 1
78 50 1
78 55 1
78 49 1
78 15 1
78 98 1
78 77 1
78 73 1
78 88 1
78 60 1
78 79 1
78 35 1
78 92 1
78 59 1
78 16 1
78 53 1
78 80 1
78 76 1
78 26 1
78 6 1
78 5 1
79 92 1
79 6 1
79 98 1
79 97 1
79 90 1
79 84 1
79 74 1
79 80 1
79 82 1
79 75 1
79 60 1
79 35 1
79 61 1
79 58 1
79 42 1
79 89 1
79 24 1
79 26 1
79 36 1
79 25 1
80 50 1
80 1 1
80 23 1
80 63 1
80 54 1
80 52 1
80 88 1
80 39 1
80 75 1
80 95 1
80 21 1
80 15 1
80 40 1
80 57 1
80 58 1
80 41 1
80 91 1
80 33 1
80 45 1
80 32 1
81 79 1
81 86 1
81 92 1
81 6 1
81 23 1
81 96 1
81 5 1
81 53 1
81 42 1
81 19 1
81 20 1
81 21 1
81 44 1
81 70 1
81 71 1
81 95 1
81 27 1
81 12 1
81 75 1
81 34 1
82 50 1
82 86 1
82 64 1
82 59 1
82 57 1
82 65 1
82 17 1
82 22 1
82 31 1
82 25 1
82 34 1
82 81 1
82 75 1
82 66 1
82 39 1
82 83 1
82 18 1
82 0 1
82 69 1
82 67 1
83 96 1
83 23 1
83 85 1
83 74 1
83 88 1
83 43 1
83 90 1
83 63 1
83 86 1
83 91 1
83 57 1
83 33 1
83 59 1
83 39 1
83 20 1
83 73 1
83 21 1
83 77 1
83 6 1
83 45 1
84 26 1
84 71 1
84 75 1
84 36 1
84 96 1
84 95 1
84 78 1
84 92 1
84 33 1
84 28 1
84 19 1
84 89 1
84 34 1
84 4 1
84 85 1
84 3 1
84 43 1
84 27 1
84 44 1
84 62 1
85 97 1
85 59 1
85 4 1
85 9 1
85 15 1
85 42 1
85 55 1
85 73 1
85 1 1
85 48 1
85 26 1
85 17 1
85 30 1
85 24 1
85 93 1
85 95 1
85 14 1
85 90 1
85 13 1
85 27 1
86 66 1
86 78 1
86 64 1
86 3 1
86 58 1
86 37 1
86 10 1
86 88 1
86 61 1
86 44 1
86 89 1
86 91 1
86 20 1
86 47 1
86 99 1
86 36 1
86 45 1
86 87 1
86 98 1
86 56 1
87 29 1
87 95 1
87 96 1
87 25 1
87 44 1
87 4 1
87 92 1
87 66 1
87 84 1
87 73 1
87 43 1
87 88 1
87 93 1
87 65 1
87 90 1
87 77 1
87 19 1
87 56 1
87 67 1
87 61 1
88 98 1
88 70 1
88 97 1
88 68 1
88 13 1
88 89 1
88 11 1
88 64 1
88 35 1
88 24 1
88 92 1
88 46 1
88 17 1
88 55 1
88 71 1
88 4 1
88 93 1
88 72 1
88 0 1
88 50 1
89 66 1
89 81 1
89 98 1
89 80 1
89 62 1
89 30 1
89 99 1
89 56 1
89 71 1
89 41 1
89 4 1
89 3 1
89 95 1
89 11 1
89 34 1
89 47 1
89 93 1
89 35 1
89 69 1
89 15 1
90 81 1
90 89 1
90 47 1
90 25 1
90 91 1
90 61 1
90 21 1
90 20 1
90 18 1
90 56 1
90 49 1
90 29 1
90 34 1
90 46 1
90 58 1
90 76 1
90 31 1
90 65 1
90 35 1
90 82 1
91 60 1
91 75 1
91 87 1
91 15 1
91 9 1
91 43 1
91 49 1
91 82 1
91 74 1
91 72 1
91 8 1
91 31 1
91 19 1
91 39 1
91 85 1
91 38 1
91 97 1
91 48 1
91 94 1
91 37 1
92 47 1
92 24 1
92 58 1
92 29 1
92 53 1
92 16 1
92 98 1
92 52 1
92 56 1
92 46 1
92 21 1
92 10 1
92 59 1
92 49 1
92 25 1
92 34 1
92 64 1
92 75 1
92 62 1
92 23 1
93 63 1
93 92 1
93 40 1
93 75 1
93 60 1
93 61 1
93 32 1
93 83 1
93 29 1
93 94 1
93 21 1
93 8 1
93 50 1
93 62 1
93 98 1
93 27 1
93 46 1
93 68 1
93 64 1
93 90 1
94 81 1
94 22 1
94 36 1
94 45 1
94 10 1
94 39 1
94 20 1
94 40 1
94 5 1
94 75 1
94 24 1
94 6 1
94 69 1
94 99 1
94 98 1
94 11 1
94 41 1
94 43 1
94 44 1
94 48 1
95 22 1
95 8 1
95 52 1
95 28 1
95 36 1
95 63 1
95 69 1
95 50 1
95 0 1
95 24 1
95 86 1
95 53 1
95 88 1
95 34 1
95 26 1
95 93 1
95 74 1
95 40 1
95 70 1
95 17 1
96 93 1
96 47 1
96 49 1
96 21 1
96 86 1
96 46 1
96 16 1
96 99 1
96 29 1
96 52 1
96 27 1
96 90 1
96 85 1
96 34 1
96 9 1
96 56 1
96 98 1
96 37 1
96 53 1
96 80 1
97 35 1
97 78 1
97 62 1
97 90 1
97 98 1
97 52 1
97 16 1
97 34 1
97 83 1
97 3 1
97 86 1
97 74 1
97 43 1
97 31 1
97 48 1
97 1 1
97 49 1
97 25 1
97 9 1
97 82 1
98 81 1
98 1 1
98 63 1
98 87 1
98 45 1
98 46 1
98 21 1
98 76 1
98 67 1
98 23 1
98 90 1
98 33 1
98 15 1
98 77 1
98 17 1
98 39 1
98 64 1
98 30 1
98 74 1
98 52 1
99 9 1
99 51 1
99 34 1
99 30 1
99 18 1
99 45 1
99 19 1
99 68 1
99 29 1
99 35 1
99 39 1
99 73 1
99 7 1
99 49 1
99 97 1
99 26 1
99 87 1
99 36 1
99 71 1
99 85 1