2000 Sparse V=2000 E=2000
0 240 1
1 486 1
2 1594 1
3 1613 1
4 614 1
5 1229 1
6 28 1
7 1061 1
8 78 1
9 1489 1
10 497 1
11 216 1
12 1322 1
13 1839 1
14 34 1
15 1540 1
16 1141 1
17 1309 1
18 487 1
19 399 1
20 1283 1
21 271 1
22 1788 1
23 1003 1
24 909 1
25 163 1
26 1254 1
27 1413 1
28 1818 1
29 1136 1
30 74 1
31 985 1
32 1838 1
33 296 1
34 1100 1
35 184 1
36 334 1
37 1783 1
38 640 1
39 78 1
40 1675 1
41 731 1
42 1826 1
43 739 1
44 33 1
45 1485 1
46 762 1
47 1262 1
48 1970 1
49 234 1
50 1029 1
51 1973 1
52 1953 1
53 219 1
54 28 1
55 708 1
56 980 1
57 425 1
58 1384 1
59 1630 1
60 1791 1
61 480 1
62 277 1
63 137 1
64 1144 1
65 435 1
66 1770 1
67 1828 1
68 179 1
69 135 1
70 1326 1
71 526 1
72 227 1
73 556 1
74 1723 1
75 1910 1
76 1070 1
77 339 1
78 1142 1
79 748 1
80 845 1
81 912 1
82 638 1
83 1990 1
84 760 1
85 176 1
86 1461 1
87 515 1
88 1591 1
89 332 1
90 371 1
91 1125 1
92 1637 1
93 904 1
94 511 1
95 937 1
96 259 1
97 356 1
98 470 1
99 1776 1
100 265 1
101 1378 1
102 1433 1
103 1915 1
104 1773 1
105 1553 1
106 1114 1
107 902 1
108 628 1
109 612 1
110 311 1
111 1656 1
112 347 1
113 200 1
114 23 1
115 1872 1
116 435 1
117 1240 1
118 1273 1
119 1627 1
120 1116 1
121 766 1
122 118 1
123 214 1
124 1293 1
125 1147 1
126 34 1
127 446 1
128 1035 1
129 1626 1
130 480 1
131 159 1
132 239 1
133 1495 1
134 1490 1
135 394 1
136 198 1
137 1946 1
138 308 1
139 1923 1
140 617 1
141 1951 1
142 1459 1
143 503 1
144 862 1
145 808 1
146 1992 1
147 1703 1
148 637 1
149 49 1
150 1529 1
151 509 1
152 501 1
153 1258 1
154 1163 1
155 1502 1
156 72 1
157 1312 1
158 1114 1
159 341 1
160 939 1
161 224 1
162 645 1
163 45 1
164 1491 1
165 6 1
166 290 1
167 300 1
168 258 1
169 1998 1
170 1593 1
171 1300 1
172 202 1
173 1206 1
174 741 1
175 1547 1
176 1582 1
177 355 1
178 790 1
179 1418 1
180 632 1
181 1250 1
182 249 1
183 1165 1
184 1067 1
185 258 1
186 70 1
187 247 1
188 279 1
189 1587 1
190 568 1
191 649 1
192 450 1
193 593 1
194 136 1
195 35 1
196 1541 1
197 506 1
198 1203 1
199 1404 1
200 1403 1
201 402 1
202 666 1
203 1378 1
204 759 1
205 344 1
206 681 1
207 1607 1
208 1558 1
209 673 1
210 1527 1
211 1066 1
212 628 1
213 347 1
214 206 1
215 1605 1
216 1592 1
217 1914 1
218 168 1
219 50 1
220 753 1
221 1589 1
222 269 1
223 1914 1
224 1006 1
225 455 1
226 1810 1
227 447 1
228 1586 1
229 75 1
230 708 1
231 852 1
232 1382 1
233 1693 1
234 1932 1
235 248 1
236 1250 1
237 1491 1
238 1046 1
239 1842 1
240 1780 1
241 374 1
242 717 1
243 1151 1
244 787 1
245 1930 1
246 451 1
247 1504 1
248 1690 1
249 362 1
250 642 1
251 858 1
252 1317 1
253 1352 1
254 1634 1
255 818 1
256 479 1
257 1378 1
258 1168 1
259 53 1
260 214 1
261 574 1
262 159 1
263 801 1
264 640 1
265 1665 1
266 640 1
267 285 1
268 999 1
269 103 1
270 193 1
271 1458 1
272 1307 1
273 1675 1
274 914 1
275 28 1
276 888 1
277 288 1
278 1559 1
279 66 1
280 480 1
281 517 1
282 981 1
283 301 1
284 1145 1
285 941 1
286 1091 1
287 245 1
288 1199 1
289 108 1
290 1923 1
291 397 1
292 276 1
293 832 1
294 1773 1
295 747 1
296 502 1
297 1788 1
298 887 1
299 514 1
300 896 1
301 1276 1
302 1902 1
303 377 1
304 425 1
305 479 1
306 449 1
307 1382 1
308 1660 1
309 1411 1
310 1616 1
311 1072 1
312 1535 1
313 375 1
314 1767 1
315 1330 1
316 43 1
317 1702 1
318 1518 1
319 788 1
320 1511 1
321 1648 1
322 1160 1
323 675 1
324 1929 1
325 701 1
326 1848 1
327 1556 1
328 149 1
329 1647 1
330 452 1
331 1793 1
332 7 1
333 183 1
334 673 1
335 1839 1
336 1856 1
337 712 1
338 1275 1
339 773 1
340 785 1
341 1363 1
342 1914 1
343 136 1
344 1131 1
345 1826 1
346 826 1
347 1194 1
348 1642 1
349 140 1
350 658 1
351 705 1
352 1869 1
353 1107 1
354 1102 1
355 199 1
356 837 1
357 8 1
358 204 1
359 182 1
360 1381 1
361 376 1
362 1504 1
363 1818 1
364 602 1
365 1650 1
366 515 1
367 1952 1
368 996 1
369 1925 1
370 1902 1
371 252 1
372 551 1
373 48 1
374 1389 1
375 1143 1
376 778 1
377 970 1
378 1728 1
379 725 1
380 1504 1
381 1437 1
382 1517 1
383 1317 1
384 477 1
385 1298 1
386 482 1
387 1413 1
388 542 1
389 1381 1
390 853 1
391 87 1
392 169 1
393 106 1
394 146 1
395 944 1
396 591 1
397 1861 1
398 196 1
399 1196 1
400 197 1
401 1144 1
402 447 1
403 41 1
404 181 1
405 1355 1
406 775 1
407 893 1
408 1040 1
409 942 1
410 1632 1
411 950 1
412 1148 1
413 1597 1
414 1733 1
415 855 1
416 1465 1
417 1101 1
418 507 1
419 494 1
420 1994 1
421 1959 1
422 894 1
423 351 1
424 1997 1
425 420 1
426 1816 1
427 1834 1
428 382 1
429 1195 1
430 1980 1
431 859 1
432 90 1
433 1986 1
434 772 1
435 298 1
436 1824 1
437 683 1
438 1491 1
439 932 1
440 1650 1
441 248 1
442 1489 1
443 18 1
444 987 1
445 1226 1
446 919 1
447 1746 1
448 598 1
449 1573 1
450 430 1
451 518 1
452 1248 1
453 990 1
454 637 1
455 479 1
456 1995 1
457 815 1
458 1540 1
459 1921 1
460 1148 1
461 1199 1
462 836 1
463 1427 1
464 938 1
465 30 1
466 736 1
467 1936 1
468 1204 1
469 856 1
470 245 1
471 1586 1
472 909 1
473 1605 1
474 1598 1
475 1450 1
476 1174 1
477 1947 1
478 995 1
479 353 1
480 1536 1
481 828 1
482 1724 1
483 195 1
484 325 1
485 307 1
486 1950 1
487 1910 1
488 853 1
489 175 1
490 37 1
491 1694 1
492 1512 1
493 689 1
494 1126 1
495 1919 1
496 1041 1
497 1443 1
498 1543 1
499 1521 1
500 1940 1
501 1414 1
502 381 1
503 1188 1
504 1375 1
505 288 1
506 1508 1
507 714 1
508 1368 1
509 440 1
510 480 1
511 153 1
512 1623 1
513 669 1
514 1854 1
515 1174 1
516 233 1
517 683 1
518 1837 1
519 1207 1
520 1535 1
521 243 1
522 670 1
523 1804 1
524 1639 1
525 1990 1
526 1769 1
527 1161 1
528 1168 1
529 1868 1
530 1184 1
531 1242 1
532 524 1
533 288 1
534 934 1
535 1491 1
536 838 1
537 993 1
538 1273 1
539 1111 1
540 415 1
541 1127 1
542 1771 1
543 1364 1
544 221 1
545 1975 1
546 654 1
547 926 1
548 1158 1
549 1084 1
550 236 1
551 1955 1
552 1775 1
553 114 1
554 260 1
555 1989 1
556 1749 1
557 307 1
558 879 1
559 15 1
560 36 1
561 569 1
562 999 1
563 944 1
564 972 1
565 863 1
566 426 1
567 293 1
568 1593 1
569 195 1
570 1063 1
571 1986 1
572 939 1
573 477 1
574 400 1
575 16 1
576 578 1
577 1852 1
578 300 1
579 183 1
580 819 1
581 1782 1
582 1051 1
583 351 1
584 1365 1
585 723 1
586 738 1
587 820 1
588 43 1
589 1222 1
590 881 1
591 1542 1
592 1827 1
593 829 1
594 321 1
595 1239 1
596 128 1
597 1416 1
598 380 1
599 246 1
600 995 1
601 1025 1
602 122 1
603 262 1
604 1849 1
605 1955 1
606 1258 1
607 1468 1
608 243 1
609 1537 1
610 1893 1
611 1964 1
612 1976 1
613 375 1
614 1409 1
615 1486 1
616 1229 1
617 350 1
618 659 1
619 1270 1
620 1038 1
621 1334 1
622 1108 1
623 124 1
624 738 1
625 1615 1
626 235 1
627 680 1
628 640 1
629 1943 1
630 1565 1
631 859 1
632 300 1
633 1648 1
634 76 1
635 291 1
636 1756 1
637 596 1
638 807 1
639 1370 1
640 1008 1
641 64 1
642 1638 1
643 1157 1
644 119 1
645 1669 1
646 135 1
647 1326 1
648 1289 1
649 128 1
650 1560 1
651 1095 1
652 1324 1
653 1024 1
654 867 1
655 514 1
656 1578 1
657 1492 1
658 1430 1
659 16 1
660 596 1
661 1367 1
662 1964 1
663 705 1
664 807 1
665 154 1
666 1602 1
667 1024 1
668 315 1
669 214 1
670 257 1
671 1067 1
672 1404 1
673 683 1
674 1622 1
675 1679 1
676 310 1
677 460 1
678 466 1
679 1383 1
680 119 1
681 560 1
682 179 1
683 1049 1
684 1727 1
685 361 1
686 1985 1
687 1850 1
688 1400 1
689 1799 1
690 1161 1
691 499 1
692 828 1
693 127 1
694 1475 1
695 818 1
696 275 1
697 949 1
698 1433 1
699 1505 1
700 468 1
701 247 1
702 731 1
703 460 1
704 722 1
705 1040 1
706 202 1
707 205 1
708 188 1
709 183 1
710 1986 1
711 1093 1
712 1389 1
713 45 1
714 1512 1
715 1904 1
716 893 1
717 1129 1
718 1834 1
719 1601 1
720 1173 1
721 82 1
722 305 1
723 1286 1
724 876 1
725 1151 1
726 327 1
727 281 1
728 639 1
729 1667 1
730 733 1
731 1684 1
732 609 1
733 1228 1
734 1399 1
735 1293 1
736 1581 1
737 113 1
738 986 1
739 1467 1
740 146 1
741 457 1
742 783 1
743 872 1
744 98 1
745 409 1
746 1738 1
747 1304 1
748 1280 1
749 1998 1
750 1831 1
751 461 1
752 491 1
753 787 1
754 1520 1
755 887 1
756 618 1
757 213 1
758 237 1
759 1022 1
760 11 1
761 1574 1
762 1807 1
763 1548 1
764 1660 1
765 1897 1
766 1587 1
767 1907 1
768 35 1
769 912 1
770 1422 1
771 125 1
772 1667 1
773 506 1
774 842 1
775 885 1
776 1592 1
777 449 1
778 1980 1
779 1428 1
780 571 1
781 1823 1
782 410 1
783 1193 1
784 324 1
785 206 1
786 1511 1
787 1702 1
788 561 1
789 672 1
790 1283 1
791 790 1
792 1971 1
793 489 1
794 172 1
795 1575 1
796 65 1
797 942 1
798 1872 1
799 418 1
800 216 1
801 1923 1
802 1983 1
803 200 1
804 823 1
805 1464 1
806 1655 1
807 499 1
808 376 1
809 475 1
810 1925 1
811 481 1
812 1492 1
813 75 1
814 1478 1
815 415 1
816 809 1
817 685 1
818 390 1
819 614 1
820 1806 1
821 1593 1
822 1504 1
823 1338 1
824 1149 1
825 1217 1
826 978 1
827 1507 1
828 1692 1
829 367 1
830 1146 1
831 1361 1
832 516 1
833 327 1
834 959 1
835 1091 1
836 1942 1
837 562 1
838 1066 1
839 1430 1
840 1715 1
841 875 1
842 302 1
843 1002 1
844 1053 1
845 1406 1
846 1342 1
847 329 1
848 1072 1
849 1089 1
850 1144 1
851 667 1
852 661 1
853 252 1
854 237 1
855 797 1
856 88 1
857 476 1
858 781 1
859 448 1
860 1650 1
861 1506 1
862 655 1
863 761 1
864 314 1
865 1963 1
866 1846 1
867 1154 1
868 434 1
869 201 1
870 336 1
871 1598 1
872 1021 1
873 1672 1
874 1194 1
875 1993 1
876 197 1
877 1347 1
878 1115 1
879 1400 1
880 103 1
881 523 1
882 198 1
883 798 1
884 935 1
885 23 1
886 165 1
887 1244 1
888 408 1
889 1345 1
890 1661 1
891 1269 1
892 1030 1
893 656 1
894 23 1
895 662 1
896 230 1
897 1056 1
898 340 1
899 1847 1
900 1788 1
901 905 1
902 439 1
903 664 1
904 30 1
905 96 1
906 1221 1
907 1867 1
908 867 1
909 140 1
910 1600 1
911 978 1
912 1654 1
913 313 1
914 89 1
915 654 1
916 881 1
917 646 1
918 1104 1
919 467 1
920 1252 1
921 214 1
922 704 1
923 354 1
924 1545 1
925 1352 1
926 241 1
927 96 1
928 934 1
929 701 1
930 1930 1
931 1458 1
932 1724 1
933 1155 1
934 583 1
935 267 1
936 772 1
937 1171 1
938 561 1
939 1222 1
940 1485 1
941 1700 1
942 1647 1
943 864 1
944 192 1
945 1241 1
946 1230 1
947 1469 1
948 1817 1
949 1884 1
950 510 1
951 924 1
952 20 1
953 1242 1
954 1822 1
955 1644 1
956 1094 1
957 273 1
958 647 1
959 1496 1
960 1480 1
961 1103 1
962 1094 1
963 1391 1
964 521 1
965 1113 1
966 1955 1
967 1958 1
968 320 1
969 292 1
970 830 1
971 424 1
972 1843 1
973 710 1
974 985 1
975 825 1
976 876 1
977 1046 1
978 1784 1
979 17 1
980 1397 1
981 1557 1
982 1717 1
983 901 1
984 394 1
985 1322 1
986 936 1
987 19 1
988 1237 1
989 1776 1
990 867 1
991 1560 1
992 187 1
993 581 1
994 1097 1
995 28 1
996 494 1
997 1220 1
998 1696 1
999 1831 1
1000 1341 1
1001 829 1
1002 806 1
1003 1024 1
1004 413 1
1005 855 1
1006 543 1
1007 1049 1
1008 585 1
1009 1174 1
1010 638 1
1011 632 1
1012 559 1
1013 958 1
1014 898 1
1015 862 1
1016 656 1
1017 560 1
1018 1504 1
1019 992 1
1020 1586 1
1021 68 1
1022 745 1
1023 1554 1
1024 1055 1
1025 320 1
1026 1386 1
1027 1165 1
1028 1651 1
1029 682 1
1030 104 1
1031 838 1
1032 1428 1
1033 1726 1
1034 1017 1
1035 1984 1
1036 1070 1
1037 1178 1
1038 1228 1
1039 552 1
1040 979 1
1041 1789 1
1042 475 1
1043 304 1
1044 1129 1
1045 658 1
1046 1752 1
1047 1992 1
1048 1288 1
1049 1249 1
1050 1399 1
1051 1722 1
1052 106 1
1053 13 1
1054 1243 1
1055 63 1
1056 726 1
1057 1889 1
1058 1597 1
1059 9 1
1060 499 1
1061 839 1
1062 58 1
1063 1819 1
1064 223 1
1065 111 1
1066 166 1
1067 1730 1
1068 220 1
1069 1578 1
1070 197 1
1071 523 1
1072 598 1
1073 43 1
1074 1952 1
1075 1835 1
1076 1089 1
1077 1688 1
1078 923 1
1079 1941 1
1080 863 1
1081 367 1
1082 147 1
1083 352 1
1084 334 1
1085 1562 1
1086 1319 1
1087 1191 1
1088 973 1
1089 515 1
1090 1150 1
1091 1750 1
1092 1028 1
1093 416 1
1094 1671 1
1095 204 1
1096 1325 1
1097 1917 1
1098 418 1
1099 1022 1
1100 1361 1
1101 435 1
1102 1595 1
1103 1622 1
1104 1007 1
1105 602 1
1106 1978 1
1107 77 1
1108 516 1
1109 1107 1
1110 1139 1
1111 762 1
1112 1233 1
1113 570 1
1114 1508 1
1115 668 1
1116 512 1
1117 825 1
1118 1782 1
1119 1196 1
1120 1742 1
1121 1111 1
1122 1457 1
1123 1711 1
1124 848 1
1125 1652 1
1126 1175 1
1127 1431 1
1128 1999 1
1129 1510 1
1130 533 1
1131 1646 1
1132 37 1
1133 1376 1
1134 774 1
1135 215 1
1136 1973 1
1137 1435 1
1138 1090 1
1139 231 1
1140 1179 1
1141 950 1
1142 1080 1
1143 39 1
1144 991 1
1145 698 1
1146 413 1
1147 1069 1
1148 1629 1
1149 775 1
1150 1124 1
1151 583 1
1152 1722 1
1153 66 1
1154 1725 1
1155 50 1
1156 1497 1
1157 321 1
1158 1023 1
1159 49 1
1160 1658 1
1161 1317 1
1162 1856 1
1163 1926 1
1164 220 1
1165 159 1
1166 990 1
1167 563 1
1168 682 1
1169 1848 1
1170 939 1
1171 1222 1
1172 797 1
1173 1565 1
1174 978 1
1175 215 1
1176 239 1
1177 789 1
1178 1251 1
1179 869 1
1180 1385 1
1181 576 1
1182 326 1
1183 635 1
1184 1460 1
1185 1794 1
1186 1364 1
1187 53 1
1188 1908 1
1189 630 1
1190 222 1
1191 1513 1
1192 147 1
1193 476 1
1194 152 1
1195 55 1
1196 1101 1
1197 710 1
1198 1569 1
1199 1948 1
1200 1999 1
1201 1794 1
1202 867 1
1203 1142 1
1204 973 1
1205 322 1
1206 930 1
1207 1119 1
1208 1630 1
1209 600 1
1210 506 1
1211 916 1
1212 1061 1
1213 559 1
1214 1645 1
1215 1388 1
1216 10 1
1217 1033 1
1218 1992 1
1219 982 1
1220 45 1
1221 1999 1
1222 1899 1
1223 1685 1
1224 810 1
1225 1480 1
1226 296 1
1227 251 1
1228 1296 1
1229 1270 1
1230 560 1
1231 1751 1
1232 766 1
1233 1425 1
1234 593 1
1235 1764 1
1236 1779 1
1237 715 1
1238 956 1
1239 677 1
1240 707 1
1241 635 1
1242 754 1
1243 1522 1
1244 310 1
1245 1813 1
1246 375 1
1247 55 1
1248 129 1
1249 1910 1
1250 50 1
1251 501 1
1252 1699 1
1253 727 1
1254 1079 1
1255 1021 1
1256 1345 1
1257 1839 1
1258 818 1
1259 724 1
1260 1468 1
1261 1697 1
1262 856 1
1263 1471 1
1264 1133 1
1265 1908 1
1266 2 1
1267 1125 1
1268 12 1
1269 844 1
1270 1766 1
1271 831 1
1272 535 1
1273 684 1
1274 996 1
1275 729 1
1276 858 1
1277 1425 1
1278 581 1
1279 898 1
1280 1003 1
1281 763 1
1282 1006 1
1283 1668 1
1284 1451 1
1285 1538 1
1286 1704 1
1287 459 1
1288 1455 1
1289 1740 1
1290 1289 1
1291 473 1
1292 356 1
1293 882 1
1294 797 1
1295 691 1
1296 1937 1
1297 503 1
1298 1026 1
1299 1181 1
1300 116 1
1301 277 1
1302 1265 1
1303 1644 1
1304 1609 1
1305 863 1
1306 358 1
1307 1881 1
1308 118 1
1309 344 1
1310 1818 1
1311 1535 1
1312 1520 1
1313 1716 1
1314 176 1
1315 1504 1
1316 798 1
1317 14 1
1318 1871 1
1319 1998 1
1320 278 1
1321 728 1
1322 1574 1
1323 1899 1
1324 1228 1
1325 1314 1
1326 246 1
1327 1991 1
1328 1113 1
1329 890 1
1330 634 1
1331 1535 1
1332 759 1
1333 295 1
1334 1779 1
1335 606 1
1336 64 1
1337 171 1
1338 137 1
1339 1528 1
1340 1724 1
1341 877 1
1342 1817 1
1343 705 1
1344 1074 1
1345 12 1
1346 1131 1
1347 123 1
1348 441 1
1349 906 1
1350 299 1
1351 977 1
1352 617 1
1353 382 1
1354 1919 1
1355 237 1
1356 1740 1
1357 1763 1
1358 1143 1
1359 1802 1
1360 151 1
1361 1761 1
1362 1929 1
1363 223 1
1364 85 1
1365 526 1
1366 1013 1
1367 129 1
1368 1169 1
1369 1548 1
1370 1191 1
1371 638 1
1372 1972 1
1373 824 1
1374 157 1
1375 466 1
1376 918 1
1377 112 1
1378 718 1
1379 1439 1
1380 1740 1
1381 1328 1
1382 1017 1
1383 1042 1
1384 949 1
1385 3 1
1386 906 1
1387 810 1
1388 214 1
1389 1107 1
1390 1537 1
1391 210 1
1392 1583 1
1393 668 1
1394 327 1
1395 591 1
1396 623 1
1397 954 1
1398 1727 1
1399 249 1
1400 1106 1
1401 444 1
1402 1696 1
1403 145 1
1404 1178 1
1405 1238 1
1406 1906 1
1407 1853 1
1408 1044 1
1409 1544 1
1410 1675 1
1411 443 1
1412 333 1
1413 1841 1
1414 1290 1
1415 821 1
1416 227 1
1417 316 1
1418 250 1
1419 1108 1
1420 1327 1
1421 287 1
1422 92 1
1423 702 1
1424 518 1
1425 125 1
1426 1864 1
1427 1220 1
1428 862 1
1429 314 1
1430 1146 1
1431 1506 1
1432 48 1
1433 1893 1
1434 238 1
1435 1799 1
1436 953 1
1437 828 1
1438 241 1
1439 962 1
1440 1616 1
1441 1510 1
1442 1851 1
1443 46 1
1444 915 1
1445 410 1
1446 1761 1
1447 1277 1
1448 477 1
1449 170 1
1450 1445 1
1451 675 1
1452 217 1
1453 1392 1
1454 69 1
1455 857 1
1456 1208 1
1457 974 1
1458 581 1
1459 1940 1
1460 488 1
1461 1871 1
1462 1096 1
1463 1038 1
1464 1514 1
1465 1097 1
1466 1270 1
1467 1352 1
1468 387 1
1469 1983 1
1470 1046 1
1471 500 1
1472 1928 1
1473 1255 1
1474 1026 1
1475 498 1
1476 190 1
1477 250 1
1478 1824 1
1479 773 1
1480 175 1
1481 1253 1
1482 1274 1
1483 1830 1
1484 1998 1
1485 887 1
1486 1792 1
1487 988 1
1488 1665 1
1489 2 1
1490 23 1
1491 900 1
1492 292 1
1493 1581 1
1494 1860 1
1495 856 1
1496 1024 1
1497 518 1
1498 1914 1
1499 1058 1
1500 152 1
1501 1438 1
1502 488 1
1503 1763 1
1504 1911 1
1505 1188 1
1506 334 1
1507 370 1
1508 972 1
1509 552 1
1510 1221 1
1511 821 1
1512 1415 1
1513 1812 1
1514 1157 1
1515 199 1
1516 1699 1
1517 1960 1
1518 578 1
1519 1719 1
1520 1297 1
1521 823 1
1522 1840 1
1523 1720 1
1524 1733 1
1525 1632 1
1526 769 1
1527 1319 1
1528 1036 1
1529 478 1
1530 1111 1
1531 489 1
1532 1513 1
1533 567 1
1534 562 1
1535 73 1
1536 1177 1
1537 1772 1
1538 117 1
1539 470 1
1540 1094 1
1541 872 1
1542 1534 1
1543 1871 1
1544 378 1
1545 1359 1
1546 71 1
1547 1601 1
1548 1015 1
1549 1155 1
1550 1519 1
1551 610 1
1552 1014 1
1553 483 1
1554 1703 1
1555 1172 1
1556 375 1
1557 517 1
1558 811 1
1559 1173 1
1560 265 1
1561 136 1
1562 681 1
1563 1257 1
1564 315 1
1565 1621 1
1566 650 1
1567 597 1
1568 1154 1
1569 1394 1
1570 1199 1
1571 1717 1
1572 1734 1
1573 1924 1
1574 1764 1
1575 545 1
1576 508 1
1577 1046 1
1578 1576 1
1579 1006 1
1580 1287 1
1581 1549 1
1582 1174 1
1583 1919 1
1584 507 1
1585 1006 1
1586 126 1
1587 1763 1
1588 1629 1
1589 194 1
1590 600 1
1591 745 1
1592 746 1
1593 1447 1
1594 589 1
1595 1540 1
1596 1756 1
1597 879 1
1598 1932 1
1599 1425 1
1600 574 1
1601 1403 1
1602 1782 1
1603 1178 1
1604 1785 1
1605 29 1
1606 946 1
1607 301 1
1608 1523 1
1609 1195 1
1610 678 1
1611 1407 1
1612 595 1
1613 1452 1
1614 205 1
1615 128 1
1616 241 1
1617 970 1
1618 1596 1
1619 20 1
1620 374 1
1621 63 1
1622 1905 1
1623 551 1
1624 1494 1
1625 899 1
1626 874 1
1627 1638 1
1628 1288 1
1629 1889 1
1630 1346 1
1631 958 1
1632 509 1
1633 1114 1
1634 5 1
1635 1514 1
1636 273 1
1637 1851 1
1638 1630 1
1639 194 1
1640 261 1
1641 1351 1
1642 993 1
1643 79 1
1644 232 1
1645 67 1
1646 230 1
1647 524 1
1648 76 1
1649 1445 1
1650 1476 1
1651 31 1
1652 1826 1
1653 1045 1
1654 149 1
1655 976 1
1656 1413 1
1657 304 1
1658 3 1
1659 622 1
1660 1459 1
1661 4 1
1662 519 1
1663 1733 1
1664 598 1
1665 814 1
1666 1815 1
1667 514 1
1668 78 1
1669 798 1
1670 1711 1
1671 583 1
1672 839 1
1673 1243 1
1674 427 1
1675 1081 1
1676 1977 1
1677 424 1
1678 280 1
1679 624 1
1680 953 1
1681 119 1
1682 386 1
1683 354 1
1684 896 1
1685 1944 1
1686 1414 1
1687 1375 1
1688 1883 1
1689 1342 1
1690 1668 1
1691 1938 1
1692 427 1
1693 803 1
1694 932 1
1695 1265 1
1696 306 1
1697 1312 1
1698 380 1
1699 1186 1
1700 960 1
1701 978 1
1702 1354 1
1703 35 1
1704 1417 1
1705 241 1
1706 1631 1
1707 672 1
1708 249 1
1709 1177 1
1710 1050 1
1711 1059 1
1712 326 1
1713 1500 1
1714 770 1
1715 564 1
1716 1028 1
1717 1391 1
1718 86 1
1719 1750 1
1720 1398 1
1721 1828 1
1722 533 1
1723 912 1
1724 1053 1
1725 506 1
1726 1026 1
1727 1327 1
1728 1354 1
1729 1568 1
1730 66 1
1731 22 1
1732 462 1
1733 386 1
1734 1614 1
1735 1022 1
1736 975 1
1737 1679 1
1738 1279 1
1739 141 1
1740 392 1
1741 879 1
1742 1097 1
1743 496 1
1744 1844 1
1745 1231 1
1746 535 1
1747 469 1
1748 1423 1
1749 1520 1
1750 703 1
1751 1708 1
1752 727 1
1753 1325 1
1754 1291 1
1755 158 1
1756 626 1
1757 1357 1
1758 1747 1
1759 1766 1
1760 910 1
1761 931 1
1762 1982 1
1763 414 1
1764 1705 1
1765 314 1
1766 1751 1
1767 1397 1
1768 1094 1
1769 1012 1
1770 1166 1
1771 1056 1
1772 87 1
1773 1730 1
1774 1991 1
1775 1594 1
1776 288 1
1777 1496 1
1778 760 1
1779 989 1
1780 1646 1
1781 363 1
1782 985 1
1783 1714 1
1784 1572 1
1785 1111 1
1786 53 1
1787 1908 1
1788 220 1
1789 990 1
1790 1545 1
1791 1853 1
1792 531 1
1793 971 1
1794 106 1
1795 246 1
1796 1056 1
1797 1990 1
1798 241 1
1799 670 1
1800 1747 1
1801 844 1
1802 127 1
1803 1919 1
1804 908 1
1805 1801 1
1806 1401 1
1807 1010 1
1808 774 1
1809 534 1
1810 475 1
1811 1705 1
1812 614 1
1813 1981 1
1814 1075 1
1815 1635 1
1816 1737 1
1817 1499 1
1818 1046 1
1819 249 1
1820 684 1
1821 763 1
1822 1803 1
1823 184 1
1824 1866 1
1825 1921 1
1826 968 1
1827 639 1
1828 682 1
1829 1443 1
1830 483 1
1831 67 1
1832 101 1
1833 1787 1
1834 1772 1
1835 1241 1
1836 998 1
1837 741 1
1838 1135 1
1839 433 1
1840 1209 1
1841 1254 1
1842 1512 1
1843 58 1
1844 968 1
1845 1317 1
1846 1963 1
1847 1566 1
1848 1808 1
1849 1508 1
1850 1640 1
1851 283 1
1852 269 1
1853 78 1
1854 1732 1
1855 110 1
1856 115 1
1857 714 1
1858 1914 1
1859 874 1
1860 996 1
1861 1593 1
1862 200 1
1863 1379 1
1864 1315 1
1865 191 1
1866 1051 1
1867 28 1
1868 1888 1
1869 1951 1
1870 1119 1
1871 1665 1
1872 1002 1
1873 1945 1
1874 422 1
1875 1230 1
1876 1826 1
1877 768 1
1878 113 1
1879 1950 1
1880 336 1
1881 689 1
1882 1195 1
1883 882 1
1884 1674 1
1885 1690 1
1886 1711 1
1887 251 1
1888 1625 1
1889 934 1
1890 463 1
1891 1967 1
1892 569 1
1893 1536 1
1894 1603 1
1895 364 1
1896 1711 1
1897 624 1
1898 684 1
1899 441 1
1900 242 1
1901 324 1
1902 737 1
1903 1042 1
1904 99 1
1905 471 1
1906 1674 1
1907 923 1
1908 1502 1
1909 1281 1
1910 1988 1
1911 531 1
1912 462 1
1913 1197 1
1914 231 1
1915 1975 1
1916 890 1
1917 1962 1
1918 1303 1
1919 994 1
1920 512 1
1921 1066 1
1922 1395 1
1923 333 1
1924 1253 1
1925 846 1
1926 363 1
1927 1854 1
1928 1733 1
1929 69 1
1930 1323 1
1931 937 1
1932 1969 1
1933 1639 1
1934 66 1
1935 1923 1
1936 326 1
1937 692 1
1938 1314 1
1939 1130 1
1940 481 1
1941 528 1
1942 1333 1
1943 1462 1
1944 920 1
1945 304 1
1946 604 1
1947 1068 1
1948 1918 1
1949 1982 1
1950 1497 1
1951 1544 1
1952 1663 1
1953 361 1
1954 1545 1
1955 1682 1
1956 1051 1
1957 1186 1
1958 1135 1
1959 854 1
1960 1649 1
1961 896 1
1962 503 1
1963 285 1
1964 635 1
1965 1689 1
1966 1646 1
1967 1433 1
1968 1372 1
1969 1026 1
1970 1414 1
1971 353 1
1972 227 1
1973 1434 1
1974 80 1
1975 767 1
1976 1826 1
1977 1586 1
1978 298 1
1979 1902 1
1980 18 1
1981 990 1
1982 782 1
1983 74 1
1984 237 1
1985 428 1
1986 242 1
1987 423 1
1988 891 1
1989 496 1
1990 1248 1
1991 1731 1
1992 1986 1
1993 389 1
1994 1363 1
1995 1368 1
1996 980 1
1997 597 1
1998 289 1
1999 303 1