1000 Sparse V=1000 E=1000
0 409 1
1 989 1
2 728 1
3 638 1
4 672 1
5 703 1
6 244 1
7 325 1
8 818 1
9 156 1
10 19 1
11 622 1
12 943 1
13 329 1
14 847 1
15 165 1
16 281 1
17 887 1
18 251 1
19 674 1
20 210 1
21 73 1
22 487 1
23 742 1
24 86 1
25 150 1
26 608 1
27 692 1
28 789 1
29 995 1
30 991 1
31 747 1
32 996 1
33 237 1
34 189 1
35 54 1
36 476 1
37 646 1
38 270 1
39 762 1
40 626 1
41 824 1
42 247 1
43 342 1
44 262 1
45 481 1
46 11 1
47 64 1
48 188 1
49 408 1
50 370 1
51 478 1
52 450 1
53 319 1
54 739 1
55 404 1
56 657 1
57 51 1
58 418 1
59 224 1
60 423 1
61 570 1
62 696 1
63 822 1
64 494 1
65 159 1
66 622 1
67 706 1
68 375 1
69 232 1
70 870 1
71 385 1
72 441 1
73 998 1
74 596 1
75 841 1
76 367 1
77 671 1
78 496 1
79 636 1
80 761 1
81 978 1
82 983 1
83 374 1
84 928 1
85 11 1
86 528 1
87 450 1
88 525 1
89 284 1
90 43 1
91 468 1
92 290 1
93 575 1
94 916 1
95 946 1
96 204 1
97 322 1
98 805 1
99 692 1
100 29 1
101 169 1
102 978 1
103 67 1
104 859 1
105 578 1
106 329 1
107 580 1
108 533 1
109 183 1
110 834 1
111 469 1
112 697 1
113 897 1
114 199 1
115 839 1
116 265 1
117 391 1
118 614 1
119 382 1
120 611 1
121 927 1
122 639 1
123 737 1
124 196 1
125 87 1
126 149 1
127 188 1
128 613 1
129 413 1
130 539 1
131 127 1
132 172 1
133 671 1
134 931 1
135 561 1
136 710 1
137 344 1
138 214 1
139 101 1
140 207 1
141 77 1
142 395 1
143 140 1
144 904 1
145 454 1
146 985 1
147 244 1
148 860 1
149 531 1
150 8 1
151 893 1
152 434 1
153 444 1
154 494 1
155 52 1
156 942 1
157 929 1
158 214 1
159 490 1
160 326 1
161 386 1
162 216 1
163 153 1
164 725 1
165 783 1
166 12 1
167 280 1
168 575 1
169 159 1
170 816 1
171 568 1
172 773 1
173 80 1
174 845 1
175 663 1
176 9 1
177 455 1
178 842 1
179 446 1
180 228 1
181 572 1
182 512 1
183 9 1
184 10 1
185 824 1
186 720 1
187 326 1
188 141 1
189 25 1
190 11 1
191 529 1
192 771 1
193 491 1
194 205 1
195 244 1
196 986 1
197 652 1
198 602 1
199 914 1
200 693 1
201 163 1
202 223 1
203 717 1
204 36 1
205 540 1
206 848 1
207 893 1
208 880 1
209 875 1
210 515 1
211 926 1
212 665 1
213 145 1
214 116 1
215 321 1
216 401 1
217 965 1
218 624 1
219 202 1
220 983 1
221 80 1
222 785 1
223 804 1
224 164 1
225 678 1
226 532 1
227 293 1
228 403 1
229 228 1
230 451 1
231 403 1
232 765 1
233 480 1
234 685 1
235 718 1
236 904 1
237 945 1
238 501 1
239 418 1
240 666 1
241 141 1
242 262 1
243 949 1
244 760 1
245 488 1
246 762 1
247 816 1
248 397 1
249 823 1
250 256 1
251 62 1
252 466 1
253 68 1
254 365 1
255 446 1
256 253 1
257 886 1
258 356 1
259 984 1
260 433 1
261 915 1
262 559 1
263 756 1
264 153 1
265 924 1
266 690 1
267 448 1
268 782 1
269 513 1
270 7 1
271 411 1
272 865 1
273 547 1
274 177 1
275 273 1
276 221 1
277 749 1
278 967 1
279 808 1
280 850 1
281 803 1
282 626 1
283 688 1
284 573 1
285 42 1
286 896 1
287 248 1
288 326 1
289 702 1
290 753 1
291 949 1
292 977 1
293 662 1
294 171 1
295 215 1
296 970 1
297 212 1
298 959 1
299 669 1
300 166 1
301 342 1
302 94 1
303 968 1
304 898 1
305 289 1
306 52 1
307 881 1
308 543 1
309 990 1
310 815 1
311 460 1
312 157 1
313 918 1
314 107 1
315 88 1
316 917 1
317 757 1
318 561 1
319 422 1
320 991 1
321 905 1
322 301 1
323 209 1
324 899 1
325 994 1
326 382 1
327 267 1
328 571 1
329 180 1
330 871 1
331 623 1
332 956 1
333 633 1
334 665 1
335 402 1
336 720 1
337 642 1
338 303 1
339 257 1
340 12 1
341 372 1
342 807 1
343 417 1
344 376 1
345 186 1
346 505 1
347 982 1
348 334 1
349 611 1
350 790 1
351 575 1
352 225 1
353 390 1
354 957 1
355 403 1
356 134 1
357 486 1
358 863 1
359 7 1
360 934 1
361 500 1
362 807 1
363 533 1
364 964 1
365 476 1
366 186 1
367 27 1
368 933 1
369 750 1
370 438 1
371 692 1
372 527 1
373 40 1
374 76 1
375 19 1
376 494 1
377 794 1
378 311 1
379 441 1
380 941 1
381 403 1
382 455 1
383 405 1
384 190 1
385 968 1
386 747 1
387 301 1
388 863 1
389 173 1
390 193 1
391 345 1
392 433 1
393 407 1
394 931 1
395 515 1
396 136 1
397 701 1
398 318 1
399 905 1
400 931 1
401 562 1
402 581 1
403 127 1
404 771 1
405 191 1
406 470 1
407 628 1
408 340 1
409 510 1
410 621 1
411 199 1
412 145 1
413 404 1
414 557 1
415 631 1
416 324 1
417 542 1
418 744 1
419 102 1
420 288 1
421 412 1
422 306 1
423 565 1
424 511 1
425 923 1
426 887 1
427 402 1
428 981 1
429 298 1
430 281 1
431 61 1
432 557 1
433 383 1
434 539 1
435 30 1
436 197 1
437 844 1
438 987 1
439 541 1
440 637 1
441 849 1
442 243 1
443 111 1
444 110 1
445 249 1
446 898 1
447 630 1
448 196 1
449 169 1
450 859 1
451 17 1
452 474 1
453 675 1
454 556 1
455 725 1
456 747 1
457 90 1
458 925 1
459 972 1
460 699 1
461 906 1
462 460 1
463 685 1
464 788 1
465 561 1
466 933 1
467 812 1
468 361 1
469 788 1
470 88 1
471 8 1
472 706 1
473 494 1
474 468 1
475 284 1
476 185 1
477 146 1
478 244 1
479 312 1
480 636 1
481 497 1
482 926 1
483 634 1
484 780 1
485 787 1
486 886 1
487 411 1
488 814 1
489 706 1
490 953 1
491 96 1
492 531 1
493 857 1
494 750 1
495 794 1
496 926 1
497 801 1
498 865 1
499 273 1
500 81 1
501 237 1
502 360 1
503 843 1
504 309 1
505 471 1
506 27 1
507 356 1
508 785 1
509 892 1
510 475 1
511 703 1
512 625 1
513 80 1
514 584 1
515 576 1
516 374 1
517 111 1
518 621 1
519 335 1
520 832 1
521 61 1
522 15 1
523 287 1
524 799 1
525 305 1
526 136 1
527 873 1
528 825 1
529 609 1
530 649 1
531 585 1
532 920 1
533 659 1
534 50 1
535 135 1
536 137 1
537 576 1
538 715 1
539 448 1
540 229 1
541 218 1
542 221 1
543 767 1
544 468 1
545 73 1
546 473 1
547 938 1
548 324 1
549 163 1
550 365 1
551 283 1
552 620 1
553 183 1
554 695 1
555 164 1
556 168 1
557 902 1
558 13 1
559 986 1
560 622 1
561 363 1
562 80 1
563 313 1
564 518 1
565 314 1
566 960 1
567 557 1
568 446 1
569 559 1
570 197 1
571 264 1
572 39 1
573 941 1
574 492 1
575 930 1
576 726 1
577 807 1
578 214 1
579 9 1
580 776 1
581 178 1
582 519 1
583 908 1
584 338 1
585 84 1
586 947 1
587 326 1
588 603 1
589 553 1
590 746 1
591 859 1
592 500 1
593 514 1
594 764 1
595 964 1
596 241 1
597 970 1
598 205 1
599 770 1
600 332 1
601 561 1
602 488 1
603 861 1
604 191 1
605 438 1
606 793 1
607 852 1
608 421 1
609 740 1
610 703 1
611 782 1
612 711 1
613 116 1
614 906 1
615 873 1
616 25 1
617 509 1
618 845 1
619 135 1
620 541 1
621 733 1
622 963 1
623 440 1
624 963 1
625 418 1
626 998 1
627 584 1
628 668 1
629 318 1
630 338 1
631 430 1
632 157 1
633 301 1
634 608 1
635 570 1
636 826 1
637 934 1
638 222 1
639 894 1
640 11 1
641 292 1
642 202 1
643 750 1
644 787 1
645 603 1
646 11 1
647 841 1
648 531 1
649 693 1
650 772 1
651 907 1
652 767 1
653 874 1
654 94 1
655 429 1
656 133 1
657 290 1
658 690 1
659 873 1
660 414 1
661 572 1
662 328 1
663 283 1
664 616 1
665 524 1
666 912 1
667 586 1
668 918 1
669 108 1
670 68 1
671 834 1
672 634 1
673 54 1
674 726 1
675 480 1
676 759 1
677 323 1
678 338 1
679 812 1
680 345 1
681 619 1
682 520 1
683 20 1
684 499 1
685 308 1
686 641 1
687 276 1
688 566 1
689 796 1
690 845 1
691 350 1
692 776 1
693 770 1
694 915 1
695 869 1
696 945 1
697 195 1
698 598 1
699 714 1
700 396 1
701 508 1
702 386 1
703 284 1
704 122 1
705 876 1
706 236 1
707 483 1
708 985 1
709 340 1
710 377 1
711 307 1
712 816 1
713 280 1
714 824 1
715 422 1
716 174 1
717 294 1
718 691 1
719 163 1
720 89 1
721 770 1
722 92 1
723 47 1
724 716 1
725 254 1
726 819 1
727 319 1
728 784 1
729 956 1
730 890 1
731 772 1
732 231 1
733 299 1
734 68 1
735 346 1
736 284 1
737 339 1
738 134 1
739 860 1
740 511 1
741 876 1
742 682 1
743 904 1
744 270 1
745 445 1
746 823 1
747 61 1
748 450 1
749 592 1
750 166 1
751 444 1
752 153 1
753 555 1
754 763 1
755 234 1
756 681 1
757 854 1
758 315 1
759 743 1
760 172 1
761 327 1
762 397 1
763 161 1
764 968 1
765 807 1
766 898 1
767 978 1
768 956 1
769 99 1
770 550 1
771 237 1
772 242 1
773 15 1
774 568 1
775 615 1
776 519 1
777 430 1
778 940 1
779 715 1
780 909 1
781 118 1
782 309 1
783 72 1
784 211 1
785 482 1
786 23 1
787 691 1
788 743 1
789 253 1
790 669 1
791 729 1
792 192 1
793 168 1
794 145 1
795 88 1
796 225 1
797 396 1
798 95 1
799 591 1
800 329 1
801 615 1
802 945 1
803 485 1
804 688 1
805 861 1
806 916 1
807 615 1
808 267 1
809 372 1
810 694 1
811 736 1
812 968 1
813 158 1
814 911 1
815 489 1
816 611 1
817 969 1
818 558 1
819 0 1
820 583 1
821 51 1
822 944 1
823 427 1
824 769 1
825 892 1
826 791 1
827 957 1
828 646 1
829 150 1
830 851 1
831 366 1
832 35 1
833 755 1
834 495 1
835 726 1
836 801 1
837 626 1
838 597 1
839 818 1
840 911 1
841 507 1
842 934 1
843 207 1
844 496 1
845 654 1
846 776 1
847 492 1
848 508 1
849 760 1
850 300 1
851 386 1
852 800 1
853 16 1
854 662 1
855 738 1
856 94 1
857 934 1
858 503 1
859 414 1
860 808 1
861 882 1
862 346 1
863 794 1
864 511 1
865 779 1
866 795 1
867 123 1
868 387 1
869 172 1
870 1 1
871 802 1
872 234 1
873 954 1
874 3 1
875 4 1
876 645 1
877 46 1
878 926 1
879 571 1
880 303 1
881 777 1
882 716 1
883 584 1
884 54 1
885 25 1
886 830 1
887 99 1
888 211 1
889 970 1
890 30 1
891 551 1
892 590 1
893 948 1
894 760 1
895 935 1
896 129 1
897 203 1
898 352 1
899 952 1
900 601 1
901 484 1
902 187 1
903 577 1
904 493 1
905 497 1
906 321 1
907 272 1
908 375 1
909 195 1
910 37 1
911 224 1
912 88 1
913 117 1
914 136 1
915 247 1
916 542 1
917 204 1
918 836 1
919 367 1
920 235 1
921 396 1
922 432 1
923 780 1
924 497 1
925 385 1
926 772 1
927 908 1
928 597 1
929 38 1
930 382 1
931 467 1
932 30 1
933 588 1
934 146 1
935 705 1
936 404 1
937 876 1
938 904 1
939 810 1
940 201 1
941 858 1
942 622 1
943 732 1
944 626 1
945 670 1
946 647 1
947 381 1
948 302 1
949 751 1
950 700 1
951 295 1
952 726 1
953 552 1
954 994 1
955 852 1
956 436 1
957 864 1
958 46 1
959 94 1
960 129 1
961 917 1
962 407 1
963 42 1
964 851 1
965 414 1
966 667 1
967 268 1
968 518 1
969 85 1
970 293 1
971 866 1
972 636 1
973 243 1
974 448 1
975 926 1
976 341 1
977 862 1
978 19 1
979 329 1
980 856 1
981 955 1
982 192 1
983 111 1
984 694 1
985 210 1
986 821 1
987 552 1
988 461 1
989 961 1
990 201 1
991 569 1
992 881 1
993 588 1
994 156 1
995 104 1
996 570 1
997 92 1
998 333 1
999 179 1