100 Sparse V=100 E=100
0 18 1
1 0 1
2 39 1
3 34 1
4 97 1
5 84 1
6 89 1
7 3 1
8 72 1
9 81 1
10 43 1
11 91 1
12 86 1
13 2 1
14 48 1
15 81 1
16 37 1
17 65 1
18 25 1
19 11 1
20 31 1
21 20 1
22 7 1
23 91 1
24 47 1
25 69 1
26 22 1
27 97 1
28 31 1
29 34 1
30 33 1
31 37 1
32 52 1
33 41 1
34 91 1
35 77 1
36 86 1
37 74 1
38 0 1
39 30 1
40 81 1
41 26 1
42 95 1
43 52 1
44 45 1
45 10 1
46 82 1
47 59 1
48 27 1
49 12 1
50 65 1
51 7 1
52 5 1
53 84 1
54 72 1
55 51 1
56 5 1
57 12 1
58 18 1
59 94 1
60 26 1
61 41 1
62 82 1
63 96 1
64 25 1
65 11 1
66 74 1
67 74 1
68 25 1
69 53 1
70 32 1
71 10 1
72 26 1
73 37 1
74 17 1
75 58 1
76 70 1
77 18 1
78 58 1
79 88 1
80 99 1
81 61 1
82 3 1
83 11 1
84 54 1
85 37 1
86 84 1
87 13 1
88 75 1
89 98 1
90 36 1
91 32 1
92 7 1
93 78 1
94 7 1
95 59 1
96 82 1
97 80 1
98 54 1
99 39 1