10
0       Hokkaido        43.0646147      141.3468074
1       Fukushima       37.7502986      140.4675514
2       Saitama         35.8569991      139.6488487
3       Aichi           35.1801883      136.9065647
4       Kyoto           35.0212466      135.7555968
5       Hyogo           34.6912688      135.1830706
6       Nara            34.6853345      135.8327421
7       Hiroshima       34.3965603      132.4596225
8       Fukuoka         33.6065756      130.418297
9       Okinawa         26.2124013      127.6809317