20 # http://www.benricho.org/chimei/latlng_data.html
0       Hokkaido        43.0646147      141.3468074
1       Aomori          40.8243077      140.7399984
2       Miyagi          38.2688373      140.8721
3       Fukushima       37.7502986      140.4675514
4       Saitama         35.8569991      139.6488487
5       Tokyo           35.6894875      139.6917064
6       Kanagawa        35.4475073      139.6423446
7       Niigata         37.9025518      139.0230946
8       Nagano          36.6512986      138.1809557
9       Shizuoka        34.9771201      138.3830845
10      Aichi           35.1801883      136.9065647
11      Kyoto           35.0212466      135.7555968
12      Osaka           34.6862971      135.5196609
13      Hyogo           34.6912688      135.1830706
14      Okayama         34.6617511      133.9344057
15      Hiroshima       34.3965603      132.4596225
16      Ehime           33.8416238      132.7656808
17      Fukuoka         33.6065756      130.418297
18      Kumamoto        32.789827       130.7416672
19      Okinawa         26.2124013      127.6809317